version https://git-lfs.github.com/spec/v1
oid sha256:60da193cbff47fccc7fb150c866044515d162812beaf1b93e6287e99adbd0508
size 873
